2.965500000000000114e+02
2.956899999999999977e+02
2.946299999999999955e+02
2.935699999999999932e+02
2.931100000000000136e+02
2.919800000000000182e+02
2.908399999999999750e+02
2.897300000000000182e+02
2.885400000000000205e+02
2.873899999999999864e+02
2.862300000000000182e+02
2.850600000000000023e+02
2.838299999999999841e+02
2.571800000000000068e+02
2.558199999999999932e+02
2.541899999999999977e+02
2.528600000000000136e+02
2.514000000000000057e+02
2.499699999999999989e+02
2.485300000000000011e+02
2.470399999999999920e+02
2.455399999999999920e+02
2.439000000000000057e+02
2.423700000000000045e+02
2.408400000000000034e+02
2.393199999999999932e+02
2.375900000000000034e+02
2.359199999999999875e+02
2.343600000000000136e+02
2.328600000000000136e+02
2.311299999999999955e+02
2.295999999999999943e+02
2.279199999999999875e+02
2.264099999999999966e+02
2.245600000000000023e+02
2.230200000000000102e+02
2.211500000000000057e+02
2.195099999999999909e+02
2.179399999999999977e+02
2.161299999999999955e+02
2.144600000000000080e+02
2.125699999999999932e+02
2.109000000000000057e+02
2.090500000000000114e+02
2.071899999999999977e+02
2.054499999999999886e+02
2.033899999999999864e+02
2.015200000000000102e+02
1.993199999999999932e+02
1.972400000000000091e+02
1.951999999999999886e+02
1.932100000000000080e+02
1.910000000000000000e+02
1.885600000000000023e+02
1.857100000000000080e+02
1.825600000000000023e+02
1.787100000000000080e+02
1.748000000000000114e+02
1.710399999999999920e+02
1.677899999999999920e+02
1.647599999999999909e+02
1.620999999999999943e+02
1.597599999999999909e+02
1.572400000000000091e+02
1.544499999999999886e+02
1.516299999999999955e+02
1.490600000000000023e+02
1.459000000000000057e+02
1.428199999999999932e+02
1.396999999999999886e+02
1.361500000000000057e+02
1.326999999999999886e+02
1.294199999999999875e+02
1.256700000000000017e+02
1.215100000000000051e+02
1.171700000000000017e+02
1.135199999999999960e+02
1.099899999999999949e+02
1.065100000000000051e+02
1.025699999999999932e+02
9.929999999999999716e+01
9.514000000000000057e+01
9.134000000000000341e+01
8.767000000000000171e+01
8.381000000000000227e+01
8.018000000000000682e+01
7.681999999999999318e+01
7.406999999999999318e+01
7.100000000000000000e+01
6.778000000000000114e+01
6.404000000000000625e+01
6.092000000000000171e+01
5.668999999999999773e+01
5.339999999999999858e+01
5.014000000000000057e+01
4.468999999999999773e+01
3.989999999999999858e+01
3.388000000000000256e+01
2.855999999999999872e+01
1.992999999999999972e+01
