1.812999999999999901e+01
2.007000000000000028e+01
2.164999999999999858e+01
2.319000000000000128e+01
2.464999999999999858e+01
2.612000000000000099e+01
2.751000000000000156e+01
2.894000000000000128e+01
3.021000000000000085e+01
3.146999999999999886e+01
3.272999999999999687e+01
3.392999999999999972e+01
3.500000000000000000e+01
3.642000000000000171e+01
3.764999999999999858e+01
3.886999999999999744e+01
4.010000000000000142e+01
4.121999999999999886e+01
4.242000000000000171e+01
4.368999999999999773e+01
4.489999999999999858e+01
4.615999999999999659e+01
4.727000000000000313e+01
4.872999999999999687e+01
4.989000000000000057e+01
5.107000000000000028e+01
5.217000000000000171e+01
5.339999999999999858e+01
5.460000000000000142e+01
5.571000000000000085e+01
5.689000000000000057e+01
5.811999999999999744e+01
5.960000000000000142e+01
6.067999999999999972e+01
6.179999999999999716e+01
6.296000000000000085e+01
6.412000000000000455e+01
6.529000000000000625e+01
6.643999999999999773e+01
6.762000000000000455e+01
6.879000000000000625e+01
6.992000000000000171e+01
7.101999999999999602e+01
7.212999999999999545e+01
7.326000000000000512e+01
7.437000000000000455e+01
7.548999999999999488e+01
7.664000000000000057e+01
7.773999999999999488e+01
7.895999999999999375e+01
8.010999999999999943e+01
8.128000000000000114e+01
8.242000000000000171e+01
8.353000000000000114e+01
8.470999999999999375e+01
8.581000000000000227e+01
8.700000000000000000e+01
8.815000000000000568e+01
8.929000000000000625e+01
9.048000000000000398e+01
9.162999999999999545e+01
9.278000000000000114e+01
9.393000000000000682e+01
9.509999999999999432e+01
9.625000000000000000e+01
9.751999999999999602e+01
9.864000000000000057e+01
9.976999999999999602e+01
1.009000000000000057e+02
1.020799999999999983e+02
1.032099999999999937e+02
1.044000000000000057e+02
1.055300000000000011e+02
1.066599999999999966e+02
1.077999999999999972e+02
1.089200000000000017e+02
1.100199999999999960e+02
1.111700000000000017e+02
1.122999999999999972e+02
1.134399999999999977e+02
1.145699999999999932e+02
1.157000000000000028e+02
1.168199999999999932e+02
1.177000000000000028e+02
1.188299999999999983e+02
1.199599999999999937e+02
1.210799999999999983e+02
1.222999999999999972e+02
1.234200000000000017e+02
1.245199999999999960e+02
1.256200000000000045e+02
1.267999999999999972e+02
1.279000000000000057e+02
1.290399999999999920e+02
1.301500000000000057e+02
1.312899999999999920e+02
1.324099999999999966e+02
1.335399999999999920e+02
1.346500000000000057e+02
1.357599999999999909e+02
1.364199999999999875e+02
1.375500000000000114e+02
1.387299999999999898e+02
1.398499999999999943e+02
1.409799999999999898e+02
1.420600000000000023e+02
1.431500000000000057e+02
1.442299999999999898e+02
1.453700000000000045e+02
1.464699999999999989e+02
1.475500000000000114e+02
1.486200000000000045e+02
1.496999999999999886e+02
1.508000000000000114e+02
1.519099999999999966e+02
1.529799999999999898e+02
1.540600000000000023e+02
1.551399999999999864e+02
1.562500000000000000e+02
1.573100000000000023e+02
1.583899999999999864e+02
1.594699999999999989e+02
1.605399999999999920e+02
1.615800000000000125e+02
1.627500000000000000e+02
1.638499999999999943e+02
1.649300000000000068e+02
1.659799999999999898e+02
1.670800000000000125e+02
1.681500000000000057e+02
1.692500000000000000e+02
1.703899999999999864e+02
1.714499999999999886e+02
1.726200000000000045e+02
1.736899999999999977e+02
1.747700000000000102e+02
1.758700000000000045e+02
1.769600000000000080e+02
1.780099999999999909e+02
1.791200000000000045e+02
1.801800000000000068e+02
1.812700000000000102e+02
1.823700000000000045e+02
1.834300000000000068e+02
1.845099999999999909e+02
1.855900000000000034e+02
1.866800000000000068e+02
1.877599999999999909e+02
1.888300000000000125e+02
1.898799999999999955e+02
1.909399999999999977e+02
1.920600000000000023e+02
1.931399999999999864e+02
1.942100000000000080e+02
1.952800000000000011e+02
1.963600000000000136e+02
1.974099999999999966e+02
1.984600000000000080e+02
1.995399999999999920e+02
2.005999999999999943e+02
2.016800000000000068e+02
2.027400000000000091e+02
2.038199999999999932e+02
2.048899999999999864e+02
2.059499999999999886e+02
2.070099999999999909e+02
2.080800000000000125e+02
2.091699999999999875e+02
2.102100000000000080e+02
2.113199999999999932e+02
2.123799999999999955e+02
2.134499999999999886e+02
2.145000000000000000e+02
2.155800000000000125e+02
2.166599999999999966e+02
2.177299999999999898e+02
2.188000000000000114e+02
2.198799999999999955e+02
2.209600000000000080e+02
2.220600000000000023e+02
2.231500000000000057e+02
2.242199999999999989e+02
2.253100000000000023e+02
2.264099999999999966e+02
2.275099999999999909e+02
2.286200000000000045e+02
2.297500000000000000e+02
2.309099999999999966e+02
2.320399999999999920e+02
2.331500000000000057e+02
2.342700000000000102e+02
2.353100000000000023e+02
2.363400000000000034e+02
2.373899999999999864e+02
2.384099999999999966e+02
2.394300000000000068e+02
2.404600000000000080e+02
2.415000000000000000e+02
2.425500000000000114e+02
2.435500000000000114e+02
2.446500000000000057e+02
2.456999999999999886e+02
2.467299999999999898e+02
2.476500000000000057e+02
2.486699999999999875e+02
2.496899999999999977e+02
2.506899999999999977e+02
2.516899999999999977e+02
2.526999999999999886e+02
2.536299999999999955e+02
2.545300000000000011e+02
2.555399999999999920e+02
2.565299999999999727e+02
2.575199999999999818e+02
2.585400000000000205e+02
2.595600000000000023e+02
2.605799999999999841e+02
2.616000000000000227e+02
2.625899999999999750e+02
2.635799999999999841e+02
2.646399999999999864e+02
2.656499999999999773e+02
2.666700000000000159e+02
2.677099999999999795e+02
2.687200000000000273e+02
2.697400000000000091e+02
2.708000000000000114e+02
2.718100000000000023e+02
2.728399999999999750e+02
2.737900000000000205e+02
2.748100000000000023e+02
2.758000000000000114e+02
2.768199999999999932e+02
2.771999999999999886e+02
2.782099999999999795e+02
2.792500000000000000e+02
2.802900000000000205e+02
2.813799999999999955e+02
2.823799999999999955e+02
2.833799999999999955e+02
2.838500000000000227e+02
2.839100000000000250e+02
2.840299999999999727e+02
2.841100000000000136e+02
