2.617428328428931081e+02 -8.225229788709924605e+01 2.381508616367081266e-07
2.619159242181251557e+02 -8.220616902847864083e+01 2.371633456272371602e-07
2.614623313558146833e+02 -8.231271265241029766e+01 2.381633542955873144e-07
2.611212492990487135e+02 -8.226524848734725026e+01 2.371747720071673261e-07
2.613955098189421733e+02 -8.213837320443197143e+01 2.373610705499650919e-07
2.599837591811192397e+02 -8.379286762064127458e+01 2.938649318487801173e-07
2.614159118310896588e+02 -8.221051986593123218e+01 2.373953324031800356e-07
2.610352365712148526e+02 -8.229684850182970024e+01 2.373838623121439816e-07
2.610900544140062038e+02 -8.245938614292006719e+01 2.374058974655276654e-07
2.610420358045865328e+02 -8.241376196784557351e+01 2.374605517875397324e-07
2.608204362132415781e+02 -8.246730018670200479e+01 2.374222401595987590e-07
2.609674737190388782e+02 -8.255004903079141343e+01 2.374449186332265715e-07
2.611797970304997989e+02 -8.248306618597358408e+01 2.375099572556382659e-07
2.615821442088461026e+02 -8.242528955629909149e+01 2.375649584977408094e-07
2.612362006646352484e+02 -8.238436722474655483e+01 2.366099208173847560e-07
2.612204992214597041e+02 -8.233727936405945513e+01 2.366236430123524838e-07
2.616196592536601884e+02 -8.233227346964876858e+01 2.366781170052379436e-07
2.620226777747083133e+02 -8.225611921339499588e+01 2.367435555777547603e-07
2.617476438783294270e+02 -8.232841353307227905e+01 2.367195959950740353e-07
2.615721217168243697e+02 -8.234484237415546204e+01 2.367334441947134744e-07
2.617844071921385876e+02 -8.227798901611228644e+01 2.367326062041745190e-07
2.617284404637671287e+02 -8.224522052480928380e+01 2.358254110720442990e-07
2.620168510061179745e+02 -8.226098092140705376e+01 2.358026566896448886e-07
2.621476309107971474e+02 -8.216287239452491065e+01 2.358331553150868047e-07
2.619852523972679137e+02 -8.220335494947933341e+01 2.357820923171716752e-07
2.618179007496738109e+02 -8.229869622683241914e+01 2.348035665351292143e-07
2.626092681857247726e+02 -8.211885640153460031e+01 2.349314922964156453e-07
2.616811631043582338e+02 -8.228695187390623289e+01 2.347625618448787223e-07
2.623411664038840740e+02 -8.212404556917645948e+01 2.349079486238345228e-07
2.624058617036796477e+02 -8.209273788146465733e+01 2.349244753717946788e-07
2.613080478243186349e+02 -8.221992415626529294e+01 2.338118048308013408e-07
2.620466441382059202e+02 -8.208700181905196303e+01 2.339771251145302975e-07
2.620620002642754685e+02 -8.212693540434437978e+01 2.339067681117410465e-07
2.615216020373854349e+02 -8.216448327534044438e+01 2.338681177926171033e-07
2.619093018957689196e+02 -8.220744854727178108e+01 2.338356420725130102e-07
2.620841704260877236e+02 -8.212730836131633794e+01 2.338423793426181920e-07
2.615555556888880346e+02 -8.222017193229764587e+01 2.338285460398780363e-07
2.624811742600815023e+02 -8.209663982513751534e+01 2.339713871228408461e-07
2.619458634333958571e+02 -8.220365887773462532e+01 2.339242505167263129e-07
2.617414082712422783e+02 -8.216294735271658567e+01 2.328957005788585774e-07
2.621153799294264672e+02 -8.217180705732256740e+01 2.329114285348504621e-07
2.617795016632851457e+02 -8.220142460442637855e+01 2.328972165471589452e-07
2.620509268829629264e+02 -8.218356636262649317e+01 2.329151409023407541e-07
2.618880764280415860e+02 -8.215363426282173975e+01 2.329215246073622682e-07
2.618741563915679080e+02 -8.213536754103738247e+01 2.329022660123412059e-07
2.619865259610257908e+02 -8.217894962472557552e+01 2.328798677622451598e-07
2.619982441358283722e+02 -8.215499610634392980e+01 2.328481153558671965e-07
2.619600161613179239e+02 -8.216994481950705165e+01 2.329592300659660282e-07
2.617333791633410556e+02 -8.218703585466629136e+01 2.329194287112862429e-07
2.622508921701822828e+02 -8.213444485668382811e+01 2.329148203872597051e-07
2.619308159261640867e+02 -8.226260739058002969e+01 2.328731949927674664e-07
2.620627717260383633e+02 -8.225448940720170299e+01 2.327886179250000482e-07
2.623656512351215042e+02 -8.217325705929870594e+01 2.328957799109611861e-07
2.619969574168925419e+02 -8.214686174178592637e+01 2.319011227244563997e-07
2.615965324959609575e+02 -8.224355535160900388e+01 2.317956810485372121e-07
2.617909390677959891e+02 -8.212702487762906856e+01 2.318803333217754547e-07
2.619578534507807035e+02 -8.215943932834655072e+01 2.319171775677824683e-07
2.616645459933772031e+02 -8.218106831257269107e+01 2.318384836584096349e-07
2.619441787400381827e+02 -8.212599588512756554e+01 2.318877369679313232e-07
2.620380448252636825e+02 -8.217770419613489707e+01 2.318282061743721440e-07
2.614332918306772626e+02 -8.222196651879337992e+01 2.318418176380185317e-07
2.621181140006402188e+02 -8.216663738975749709e+01 2.318727629155126871e-07
2.620376905119933895e+02 -8.221968435090656158e+01 2.318298160970063155e-07
2.620443985669412541e+02 -8.214878645139559410e+01 2.318544998476931992e-07
2.622388434946823281e+02 -8.217807629451814933e+01 2.319168545641598867e-07
2.623369899252029427e+02 -8.208985029567354275e+01 2.319265676162115197e-07
2.623137215646930827e+02 -8.204749685513893098e+01 2.319638431933346462e-07
2.624440644063267882e+02 -8.204655586025708658e+01 2.329566081919142072e-07
2.618386338185904947e+02 -8.214179647695030440e+01 2.338907952813167782e-07
2.616826945064174197e+02 -8.216715734892648015e+01 2.359353447387195672e-07
2.612244522189039913e+02 -8.219726379735750754e+01 2.379307696956225760e-07
2.611439033144554855e+02 -8.202608326990075227e+01 2.390046624290553609e-07
2.610055350024886707e+02 -8.199442100971876357e+01 2.420941665690677471e-07
2.596439724511225222e+02 -8.218473045999161286e+01 2.460057515107365773e-07
2.597112445672465242e+02 -8.221431621196278172e+01 2.500099392873710056e-07
2.601642560888546996e+02 -8.217269913658213909e+01 2.560677105577303734e-07
2.607866471238065174e+02 -8.207294303236696464e+01 2.632657025408190232e-07
2.608285915778060939e+02 -8.218016079268504370e+01 2.711518459949834628e-07
2.611921701926943911e+02 -8.231129674190366075e+01 2.811659240947148074e-07
2.620468582747610071e+02 -8.235831722283462852e+01 2.913170349248773181e-07
2.630011956014408270e+02 -8.232455756644120015e+01 3.013692293775806729e-07
2.637292926664775337e+02 -8.245667586734033705e+01 3.124110885891622954e-07
2.640114828664727611e+02 -8.258818556407692313e+01 3.223525788388242509e-07
2.647520534919805755e+02 -8.243791245144508650e+01 3.254789928411344975e-07
2.654235805132026940e+02 -8.236374585917459967e+01 3.306205246478342769e-07
2.660933621190023359e+02 -8.241072876137872072e+01 3.406577111881248953e-07
2.669272795023779850e+02 -8.239843496113459764e+01 3.507448216303586314e-07
2.669529942689161999e+02 -8.246190096417633697e+01 3.567530276345965914e-07
2.676975181618007582e+02 -8.241769166794924217e+01 3.638346462788877302e-07
2.682294526382135018e+02 -8.235557203006415250e+01 3.719650940443124288e-07
2.685536941325933640e+02 -8.232097638084233893e+01 3.800617797627225413e-07
2.686099285909435253e+02 -8.224999606577576117e+01 3.861241789319496754e-07
2.695072877228637935e+02 -8.215513554030506782e+01 3.913035841793894494e-07
2.693801480469011267e+02 -8.218315160255451701e+01 3.983287930057454871e-07
2.693808422953778745e+02 -8.212905776659668788e+01 4.034219413400345428e-07
2.696616434579774477e+02 -8.209171088826207097e+01 4.095108035377995023e-07
2.697855400561710439e+02 -8.199797985123861110e+01 4.136741056758071819e-07
2.698767801578932790e+02 -8.205217367292436847e+01 4.166853383222650507e-07
2.696480467735487991e+02 -8.207083024839697316e+01 4.206252365444303262e-07
2.692191933531586301e+02 -8.213093890712352163e+01 4.236092889016120751e-07
2.692194234546780649e+02 -8.213306238958462302e+01 4.256464820480773784e-07
2.694470115456737176e+02 -8.214811741442869675e+01 4.286199161410459103e-07
2.696057366731201910e+02 -8.214073076060354595e+01 4.316265100656643767e-07
2.699138446093955963e+02 -8.223748434647531269e+01 4.335528517935183387e-07
2.693594738610077002e+02 -8.210187871939717752e+01 4.367899546698543285e-07
2.691403830778749011e+02 -8.211204845862124557e+01 4.387793768303801490e-07
2.693422616221141652e+02 -8.206604388628745994e+01 4.418321535783292226e-07
2.695659372153558024e+02 -8.194473217932441855e+01 4.389519820927444296e-07
2.694248308252919060e+02 -8.205658327350595016e+01 4.408442160745681909e-07
2.695237536777628407e+02 -8.198917540364710987e+01 4.429559151606509642e-07
2.694434233630202016e+02 -8.204869155951735138e+01 4.459190621430512097e-07
2.695574105409565959e+02 -8.206971127025539658e+01 4.469199087099005016e-07
2.696131785159375340e+02 -8.208351873856133807e+01 4.488680125576321866e-07
2.700885598345738003e+02 -8.195055561603588501e+01 4.510726178622766209e-07
2.695343501963412791e+02 -8.209033048120888054e+01 4.529000769856464977e-07
2.698673083251979961e+02 -8.207241979638830287e+01 4.539702163820568817e-07
2.696245717672999263e+02 -8.209390509314170004e+01 4.559467896601909806e-07
2.696851544202786499e+02 -8.206683083428929137e+01 4.579896508901981047e-07
2.696359490607612202e+02 -8.208008515400965166e+01 4.589986280245451289e-07
2.697080975520776178e+02 -8.205294442734940219e+01 4.610559975947203198e-07
2.694223304390566227e+02 -8.217385382551204032e+01 4.619080405463155736e-07
2.695567897369335242e+02 -8.216519960115888921e+01 4.639382261920405084e-07
2.698402036993194315e+02 -8.206898224864694669e+01 4.650919512735642995e-07
2.699371147359681800e+02 -8.207748726050040489e+01 4.671277855477226189e-07
2.700975062197730381e+02 -8.201908367494942809e+01 4.682037631628808512e-07
2.699006595099701258e+02 -8.206217962458967463e+01 4.691328841654712203e-07
2.699706730740479088e+02 -8.203212294925045001e+01 4.701658374097654964e-07
2.700361915597763982e+02 -8.202075220241117393e+01 4.711646341732516094e-07
2.701810124469563448e+02 -8.203645982211827459e+01 4.721463638183641027e-07
2.696322726873178794e+02 -8.213460837688396055e+01 4.740775903199840204e-07
2.695876568112012137e+02 -8.215723985798736351e+01 4.750817095507433587e-07
2.695439779607428363e+02 -8.214492345223351322e+01 4.760274979267558813e-07
2.697230771013100821e+02 -8.209499842593379526e+01 4.771698162397550562e-07
2.695924425866555225e+02 -8.215493378716827522e+01 4.780909856956396131e-07
2.695825853788389850e+02 -8.215537906362663989e+01 4.790828329541059341e-07
2.696414289620631166e+02 -8.212677006760367249e+01 4.791761079626584964e-07
2.696555139521568094e+02 -8.212445861664230051e+01 4.802062367572697304e-07
2.695738984615428535e+02 -8.214735194407313656e+01 4.811755945863573168e-07
2.691067705761903994e+02 -8.225597039433728241e+01 4.820000640367604048e-07
2.693852740554210641e+02 -8.218231491680074896e+01 4.830804997484870882e-07
2.696458590436029112e+02 -8.212488229889197555e+01 4.831479847479179968e-07
2.696385509139740861e+02 -8.214504628264967323e+01 4.841444143967521552e-07
2.694106367733603520e+02 -8.224190260493882931e+01 4.850860622759757949e-07
2.693085303063219840e+02 -8.219742542830483956e+01 4.851470933754860689e-07
2.694256266846073800e+02 -8.218306769003230272e+01 4.861306870045726313e-07
2.696633658756946943e+02 -8.214385407137315553e+01 4.872010445255815585e-07
2.695648445826648754e+02 -8.215060436139958711e+01 4.871290342140987327e-07
2.694138361199736096e+02 -8.220117818888350314e+01 4.881246979654596390e-07
2.693740632205549446e+02 -8.220760762969034374e+01 4.891480922630305936e-07
2.693584061094176150e+02 -8.219794283184486972e+01 4.891545634925866550e-07
2.693855089070665940e+02 -8.216049529205852764e+01 4.902162436171011240e-07
2.693927877058482068e+02 -8.218093675012296728e+01 4.901682025768381626e-07
2.694755785933399466e+02 -8.216455691858834598e+01 4.912890926831872241e-07
2.693539396759175020e+02 -8.219072510280011556e+01 4.911794540342848890e-07
2.692915936626681628e+02 -8.218896773496236108e+01 4.921584183754969712e-07
2.692305603016733926e+02 -8.222907794467552378e+01 4.921623227072849387e-07
2.692357815795430724e+02 -8.223175747433202787e+01 4.931708054222234482e-07
2.692355401324002742e+02 -8.220667738532773683e+01 4.931757266342630690e-07
2.690383187486387442e+02 -8.227578164117721826e+01 4.940613814640310638e-07
2.692822345644266306e+02 -8.221806777795288212e+01 4.941793813705516357e-07
2.690940396240538917e+02 -8.220257461285251566e+01 4.951951986365326455e-07
2.691444663598866214e+02 -8.223105667959539744e+01 4.951590369319896027e-07
2.692911838652067331e+02 -8.217205413417420345e+01 4.952981072037716262e-07
2.690795116039215600e+02 -8.224347112754743705e+01 4.961842645774550729e-07
2.691305053031728676e+02 -8.226179837024241692e+01 4.961418883988966279e-07
2.690239313000548691e+02 -8.227588263039156402e+01 4.971624275573558872e-07
2.693276024247239775e+02 -8.218888502949009478e+01 4.972401420120863230e-07
2.690331006453398572e+02 -8.226062687757712411e+01 4.971790742953470331e-07
2.689685561313332869e+02 -8.227352130982278311e+01 4.981959714425662947e-07
2.690084129282002436e+02 -8.223425966251677721e+01 4.982606638777062196e-07
2.689613174161732445e+02 -8.223757452752114716e+01 4.982327856476064245e-07
2.689293156829787677e+02 -8.225839402483086360e+01 4.982322996003924215e-07
2.689765701880492088e+02 -8.225249580820326400e+01 4.982357183695160303e-07
2.691348186048867319e+02 -8.219783786733560760e+01 4.992301292036665797e-07
2.688263450905992613e+02 -8.228475129024741364e+01 4.992151043400486498e-07
2.691048138577573354e+02 -8.225219387294372098e+01 4.992568632203248512e-07
2.689942737210892005e+02 -8.227471055231002595e+01 4.991934109208307394e-07
2.688375393396654545e+02 -8.230241286210991802e+01 4.991453665796667242e-07
2.689543555477555401e+02 -8.229743990363779460e+01 5.001767259927689374e-07
2.690576672103995861e+02 -8.228020298990062997e+01 5.001748783839771060e-07
2.690118465901581430e+02 -8.222660338358781473e+01 5.002424697483036283e-07
2.690007408492251670e+02 -8.223697026590052417e+01 5.002315802426932439e-07
2.690155049319616865e+02 -8.224020425233912590e+01 5.002891013666586027e-07
2.689360603430882293e+02 -8.225651612438340976e+01 5.002309703578220787e-07
2.689708883408695783e+02 -8.219743919794633769e+01 5.002867948139011002e-07
2.689598528485197448e+02 -8.229077248090773367e+01 5.012501683156800134e-07
2.689293602858398344e+02 -8.227901035442812372e+01 5.012846344071980937e-07
2.687709554244258925e+02 -8.229117907921637709e+01 5.011926361282670824e-07
2.688157386831134090e+02 -8.227482517717702137e+01 5.013256040586956690e-07
2.686319426552142886e+02 -8.231417389838446752e+01 5.012389994557902046e-07
2.689751072007779840e+02 -8.229622728297017886e+01 5.012255218432842976e-07
2.689147501406874881e+02 -8.223960707208870247e+01 5.012775646080030062e-07
2.687223201691053873e+02 -8.228784216157660580e+01 5.012799453731672058e-07
2.687911112679211669e+02 -8.228376067822787832e+01 5.012385540627503739e-07
2.688431288976843234e+02 -8.225596532127842408e+01 5.012902909999592441e-07
2.687006046309101635e+02 -8.227887044435117048e+01 5.013201902908138793e-07
2.683688351228924489e+02 -8.235486854663231782e+01 5.011426027381820287e-07
2.687558125979896886e+02 -8.229829763349475513e+01 5.021981366939031002e-07
2.687081715683014522e+02 -8.232943598049557465e+01 5.021958994164193798e-07
2.688360023809104860e+02 -8.227810225619228390e+01 5.022802082675306268e-07
2.688214978988897883e+02 -8.237404588071588307e+01 5.021423381704735128e-07
2.686798342523939027e+02 -8.234685204146694559e+01 5.022113258064115076e-07
2.688387971706655435e+02 -8.232075830101061342e+01 5.022198655300017432e-07
2.686918299536582708e+02 -8.232050407044222595e+01 5.012004827859245125e-07
2.687516158067195988e+02 -8.232473801029678384e+01 5.021941489889222795e-07
2.686582003268218273e+02 -8.234894039009789424e+01 5.021957946156886879e-07
2.686621844196423012e+02 -8.236152158095146092e+01 5.021957344241569567e-07
2.686765831713800026e+02 -8.233437822073865675e+01 5.022429615770912996e-07
2.685038796491966764e+02 -8.234672353793618527e+01 5.022162035419168008e-07
2.685530857781986356e+02 -8.233870899162830881e+01 5.021643078227518457e-07
2.688323467612812010e+02 -8.229395031443409891e+01 5.022331526750818876e-07
2.684467547629337787e+02 -8.239118337194869923e+01 5.021805874566473462e-07
2.684019713688929869e+02 -8.237739016920565405e+01 5.011867804659533231e-07
2.682445269846868996e+02 -8.243222873525546390e+01 5.010848931065668023e-07
2.684493773240452015e+02 -8.234214957732542928e+01 5.011805509779997275e-07
2.686999731872352868e+02 -8.231209648646817811e+01 5.012711891885126483e-07
2.688998348935807599e+02 -8.227898657407068583e+01 5.012913718657048434e-07
2.684485993319617023e+02 -8.237878481923729623e+01 5.011356720759874014e-07
2.687505605800103012e+02 -8.231534504842868216e+01 5.012338327442762830e-07
2.685798452801430471e+02 -8.238665824107577862e+01 5.011721117775917188e-07
2.683536845378027351e+02 -8.240295619872968302e+01 5.011196771505122188e-07
2.683397541243461433e+02 -8.244873261858056424e+01 5.010490738659566979e-07
2.687366257264437763e+02 -8.233523406426422753e+01 5.012189343150259876e-07
2.686958191583471489e+02 -8.231978839112581170e+01 5.012745084571295293e-07
2.687261872772504603e+02 -8.231982002946682542e+01 5.012693468682956427e-07
2.685619552380185269e+02 -8.241052802660495047e+01 5.011720864577167295e-07
2.687143925123376107e+02 -8.236433029084530233e+01 5.012372221233364558e-07
2.685046745910154868e+02 -8.232909105496631241e+01 5.012051737308066722e-07
2.685270104554784893e+02 -8.243475490460423316e+01 5.001732177149600045e-07
2.684035566406984117e+02 -8.234776056721985071e+01 5.000995940167377890e-07
2.685607744423402323e+02 -8.237392375999667138e+01 5.002371529835421304e-07
2.683117522688083909e+02 -8.238751642244803008e+01 5.001188494339088942e-07
2.682803519612371019e+02 -8.234120089236913032e+01 5.002406799436757664e-07
2.684859040836170152e+02 -8.232110705741152401e+01 5.002842778069051127e-07
2.683117676963427130e+02 -8.237297383525881855e+01 5.001642819258601807e-07
2.685416572199653729e+02 -8.231804220944253814e+01 5.002171292290213803e-07
2.684153950233566093e+02 -8.238308869656846412e+01 5.002168027358704160e-07
2.683692965628969205e+02 -8.236557376051808887e+01 5.001839331594888354e-07
2.707248463903334255e+02 -8.237059438790383581e+01 4.992248506009459048e-07
2.686685252723012240e+02 -8.228746284175387871e+01 4.993395133925871749e-07
2.683749858339111256e+02 -8.232257730958185959e+01 4.992819365153027006e-07
2.683732689238476041e+02 -8.232494165031536681e+01 4.992785015006468405e-07
2.684745749686597946e+02 -8.229876580082786575e+01 4.993097880486173230e-07
2.684899437784409884e+02 -8.232783818083761673e+01 4.992772422179541329e-07
