2.158339843854584501e+02 -7.824321705936030469e+01 7.095555113590478736e-07
2.156033663204251809e+02 -7.827127891950331673e+01 7.105046007592068274e-07
2.158339843854584501e+02 -7.825964758137011756e+01 7.105345619320709508e-07
2.158554171145682119e+02 -7.835635196080417586e+01 7.113074382431271015e-07
2.161105402685821559e+02 -7.842486702410887744e+01 7.111327131415063139e-07
2.161733704517987178e+02 -7.850325314971222213e+01 7.109341669240549223e-07
2.162515772143875949e+02 -7.849924323940642523e+01 7.109442887456090923e-07
2.163551685945683687e+02 -7.859156300051135702e+01 7.117323666238594470e-07
2.164997766026616262e+02 -7.866580066688113959e+01 7.115469258594263675e-07
2.169643984166023074e+02 -7.872333131906842141e+01 7.114041057654924132e-07
2.171548183218937993e+02 -7.881083744911033762e+01 7.122077321259578503e-07
2.171870449394541822e+02 -7.889110908019114277e+01 7.120111106576919511e-07
2.175432682909359130e+02 -7.895413235962283238e+01 7.118577931722037149e-07
2.213905577992994438e+02 -7.976937765320381857e+01 7.130048149384942791e-07
2.219961656285991296e+02 -7.981182851651679755e+01 7.129026923449923990e-07
2.221259578196783195e+02 -7.985299713988705150e+01 7.129384878217867540e-07
2.223857859809297963e+02 -7.988153872585959903e+01 7.128272559938300631e-07
2.229999897748853925e+02 -7.994590734616079430e+01 7.127652909150657436e-07
2.229945387589577024e+02 -7.993800571315682646e+01 7.127043342349144445e-07
2.231538291471522371e+02 -8.001168335112907926e+01 7.124924186717932448e-07
2.234338329596509425e+02 -8.008782856897992986e+01 7.124397860610124816e-07
2.237175665127954005e+02 -8.003914390866101769e+01 7.123977872346828321e-07
2.238806471200842623e+02 -8.012227211664171023e+01 7.123153559255448019e-07
2.244969771621952361e+02 -8.017118767673741786e+01 7.112416462062065150e-07
2.241049517658111654e+02 -8.019519965002500328e+01 7.112162827626013893e-07
2.244432106372197495e+02 -8.024049868037984368e+01 7.109664046345440898e-07
2.246760721494255506e+02 -8.030868123368013300e+01 7.108220531978419001e-07
2.249597121832415212e+02 -8.027288461828102584e+01 7.109741593325536240e-07
2.250978510219632938e+02 -8.035115093421514132e+01 7.097011059078804528e-07
2.253710950610183659e+02 -8.042705311241158483e+01 7.096055879605115317e-07
2.259406765230697260e+02 -8.046908351074456789e+01 7.094991218110231760e-07
2.257765043617500851e+02 -8.055241442153432274e+01 7.082595200895100708e-07
2.263866449878335061e+02 -8.060132242237907008e+01 7.081477564027800062e-07
2.266239774384270618e+02 -8.057656171765631825e+01 7.071782101573948437e-07
2.265681483509761449e+02 -8.064719482249554972e+01 7.071092528023738465e-07
2.274081268676977459e+02 -8.066177170019840048e+01 7.060374413062872951e-07
2.276827601225706132e+02 -8.072031127273497475e+01 7.049133386436445762e-07
2.279433361069345096e+02 -8.077185049281072793e+01 7.037570813391924339e-07
2.283693248471550135e+02 -8.081148082820568845e+01 7.027007840555632943e-07
2.291617134716710211e+02 -8.092548265580950329e+01 7.014951012135108456e-07
2.294389410893631691e+02 -8.099186952847630039e+01 7.003118873849724692e-07
2.300521669520550745e+02 -8.100569379432783990e+01 6.993301695641243469e-07
2.301593787296927189e+02 -8.105721138063776721e+01 6.981329656565985274e-07
2.306919294136993699e+02 -8.108258340463824254e+01 6.971010962776701260e-07
2.306331878999172034e+02 -8.112155563524915181e+01 6.959274329422622814e-07
2.311336670174219705e+02 -8.115661275449365064e+01 6.948969969110968192e-07
2.318286534556625043e+02 -8.119131711086457415e+01 6.938296923357549210e-07
2.322003586996908950e+02 -8.124522927572211017e+01 6.927033271706820629e-07
2.320852779146085823e+02 -8.134071296866301282e+01 6.904967446552009919e-07
2.326593250672187310e+02 -8.136543457552065206e+01 6.884646061562573471e-07
2.331328586424814375e+02 -8.141231001127682987e+01 6.864715438925607738e-07
2.338372670287239430e+02 -8.142430779200651614e+01 6.843339290022179549e-07
2.343891963279236847e+02 -8.148183804350848902e+01 6.822562032308188737e-07
2.345046900370526259e+02 -8.157026423131628690e+01 6.800962932486250892e-07
2.351163184533915000e+02 -8.163355309678581762e+01 6.758801900605256811e-07
2.357664644747420652e+02 -8.171894039840339019e+01 6.727425616605199451e-07
2.368042044954577818e+02 -8.179649381879836767e+01 6.717298660896135289e-07
2.378121533434230912e+02 -8.186205542756766818e+01 6.655083747159899750e-07
2.386700181946553698e+02 -8.194612848896663593e+01 6.581891498352610186e-07
2.397600502940509557e+02 -8.204408090593913983e+01 6.519852202155111505e-07
2.410949210310935200e+02 -8.207164148438359064e+01 6.458873998370797377e-07
2.422270639781002615e+02 -8.207346382837394572e+01 6.398390918327641764e-07
2.426165665529109674e+02 -8.215480547073335060e+01 6.336748774140108501e-07
2.435551672899189839e+02 -8.217878807240397521e+01 6.265312675705022891e-07
2.445369609734202356e+02 -8.220036799379673198e+01 6.193604068146073604e-07
2.451541567532860881e+02 -8.226535347886031957e+01 6.111522860845711550e-07
2.459689747881787980e+02 -8.230689991853576259e+01 6.020599382180520814e-07
2.474549515142325049e+02 -8.233256469059023175e+01 5.919585223956715362e-07
2.487809063298590502e+02 -8.237667213060481686e+01 5.797924618568949644e-07
2.501773060823392711e+02 -8.236336728512345928e+01 5.656398150784093555e-07
2.508123508331481162e+02 -8.253731620969352889e+01 5.542621025992353542e-07
2.524588256332222898e+02 -8.254818436059520081e+01 5.351017446884450271e-07
2.531852775731099996e+02 -8.268745902820597848e+01 5.097426710402485289e-07
2.542196991483758666e+02 -8.284228177467933563e+01 4.773019500621684583e-07
2.546997929369282758e+02 -8.303672090225171587e+01 4.378004057563538379e-07
2.541291453647363596e+02 -8.297788202524132828e+01 3.825102414032256168e-07
2.521500260187074787e+02 -8.293528033832150470e+01 3.280517607552334301e-07
2.526494310122745617e+02 -8.253952786673875153e+01 2.808894513271601658e-07
2.521942076065210756e+02 -8.229588818185997923e+01 2.537850133318378757e-07
2.513805342192826799e+02 -8.245383943530097781e+01 2.395408499620779107e-07
2.508307815844636366e+02 -8.261291406712828689e+01 2.333641307269444470e-07
2.504609457184252790e+02 -8.260119623712461134e+01 2.312885737077974995e-07
2.507847212855552925e+02 -8.263541509023154674e+01 2.321851690998120217e-07
2.496159876088913734e+02 -8.271125159876721966e+01 2.321074173139881047e-07
2.497074076623220549e+02 -8.272354918662342982e+01 2.320848296111745503e-07
2.492202382686452893e+02 -8.270104512603511182e+01 2.320328964626319163e-07
2.495259600290785613e+02 -8.264918891495761955e+01 2.329904798056577313e-07
2.486510166441092338e+02 -8.280818322766165807e+01 2.328910279393485629e-07
2.487813778410663872e+02 -8.280477179067881366e+01 2.337991253832476718e-07
2.477824110505440558e+02 -8.296387135926720191e+01 2.336587881980190845e-07
2.489984986399097124e+02 -8.280331725433350698e+01 2.336711870855920624e-07
2.481903158189022349e+02 -8.292636713986246377e+01 2.344293791748249660e-07
2.488856544119934426e+02 -8.302399257298664281e+01 2.342685581820625087e-07
2.499052624858131253e+02 -8.290840914335069556e+01 2.351022383670956351e-07
2.495128039580769723e+02 -8.301982634296892627e+01 2.357349924303282435e-07
2.504587474645455245e+02 -8.316151612927318126e+01 2.372573788104336194e-07
2.522204500857150151e+02 -8.309661591556945837e+01 2.376813243128194120e-07
2.544757238804461394e+02 -8.319599118126595272e+01 2.388274469865858356e-07
2.609820692357229177e+02 -8.346399978321238677e+01 2.399859838097074415e-07
2.680648579180306683e+02 -8.434603379660551070e+01 2.388698786330676090e-07
